72338281
72424312
72587250
72724781
72796687
72940812
87510000
87628093
88074062
88159531
88169843
88243000
88257000
88297406
88361062
88441343
88561593
88580062
88688125
88724312
88802718
88859937
88925531
88938625
89085406
98026875
98336437
98843093
99713718
99961375
101467625
110934093
111190562
111605312
111717250
111723093
111763718
111784843
111825156
111870343
111904875
112018156
112029875
112144281
112191437
112273312
112350687
112755656
112879593
113355281
113947625
114050906
114126937
114184187
114222781
114306968
114360093
114367406
119340031
119869875
119960312
120104343
120125906
120380968
120701375
120969406
121146593
121343093
121509031
121666875
121706062
121915656
122158687
122353062
122467781
122497312
122534062
122691968
123094718
124785593
124883843
125592812
125833125
126171781
126220968
126386593
126420031
126715093
126751687
126828968
126949562
127087906
127121906
127186531
127240062
127323968
127458687
127564437
128219218
128307437
128741000
129059218
130665500
131130718
131391125
131522000
131740312
131884937
131969218
141457000
141614125
141733625
141771500
141832656
142097593
142154937
142163031
142205250
142254406
142336593
142460343
144459593
144904406
145087187
145129656
145169531
145293687
145382906
145452406
145507625
151892375
151981218
154075406
155402375
156304750
157993375
157998718
158175718
158227562
158706718
158808406
158873812
158943343
159006656
159014437
159304875
159463250
159485562
159537593
160706406
164095468
164110812
164219343
164307625
164354687
164449718
164467031
164689312
164755375
164777093
197438062
197960062
198112718
198963718
205528906
205538093
205560843
205688187
205719812
205746687
205820125
205844812
205919437
205949750
206089000
206215843
206235187
206318750
206326406
206744718
206818156
206883062
207108843
207240593
207362843
207408593
207683531
208100718
208171125
208345750
208370906
208524125
208650906
208814312
210593343
210640218
210652656
210659125
210706687
210728437
210870531
210995718
212090750
213090875
213300531
213413937
213639906
214051781
214128593
214138281
214217968
214439906
214658156
214727062
214763906
214896218
214993593
227870531
228113156
228350593
228843687
230242906
230269531
230582156
230593312
230787593
241331187
242980562
243162781
243213125
243237156
243413281
243447500
243514375
243655406
243905343
245283812
245440281
245482937
245517437
245602875
246323562
246370281
246490250
246507812
246512343
246522312
246609875
246687968
246720656
246847843
246866312
246908187
246953750
246991562
247152906
247229843
247301875
247356312
247369312
247429687
247459687
247538437
247672187
247738781
248118437
248264968
248419000
248610812
249222437
249435781
249607843
251538625
252436031
252786031
252860312
256901656
264974750
265048375
265222000
280148343
280953000
281388500
283139250
283218625
283373187
283453687
283491656
283739718
283819437
283870281
284023687
284060812
284239187
284288312
284627125
284658875
284709812
284795906
284983437
285472343
285530875
285626625
285646156
285781937
299896437
300913437
301121750
301618781
301877687
302291875
302540687
302594343
302779625
303042437
303215468
312396250
336184656
336288000
336509093
336689593
336790218
336955062
337171500
337745281
337762968
338021718
338743218
339329593
339419968
339908031
345982406
347199750
347276781
347571906
347653406
347754750
348001562
348043375
348294843
348407468
348557031
348746906
348997562
349100468
349149281
349330343
349377750
349403125
349543937
349568531
349589062
349702562
349854718
350013406
350054718
350164656
350262781
350318812
350831437
350974656
351417531
363615500
364204062
364275875
364503687
364557625
364563437
364683437
364760718
364800406
364856156
364912718
365024656
365084593
365120187
365179968
365288562
365292843
365353656
365691875
365709218
365822843
365844250
365889312
366034343
366503218
366947562
367001718
367111656
367232312
367246750
367278437
367458125
367730656
367791593
367847687
368014750
369698437
369833000
369907687
369972625
370000250
370096500
370658062
377449312
377455562
377577281
378041375
378185500
378873406
378907062
378936750
378940187
378989062
379083562
379148781
379179781
379338531
379351500
379394750
379864187
380302812
380582625
383585000
383684875
398465031
398469593
398481062
398826500
398875656
399085781
399167687
399258187
399266125
399419500
399465687
399537500
403679218
403688750
403784312
403802062
403859281
403930218
404138218
404196750
404208218
404250218
404287562
404354281
404405312
404443125
404487625
404682125
404814875
404914312
404987125
404995218
405114187
405278906
405351031
405401062
405581968
405979468
405998343
406042156
407639718
408048281
408137343
408229156
408292937
408373687
408647031
408897625
420164156
420415000
420861156
421090968
421188281
421311406
421374218
421455375
421635312
421694968
425613781
425624875
425630687
426364593
426432187
426627531
426667437
426729375
426838250
427008062
427070500
458769687
459656312
459967406
459975593
459989968
460147656
460273968
461611843
461693781
461776812
461808843
461826593
461936812
462124625
462238656
462370937
462465375
462662781
462817843
462924875
462984000
463018437
463313906
463460093
463501875
463630281
463933250
464043781
464115281
464127593
464134687
464197531
464244375
464330500
464789375
464952343
465133406
470646343
470724156
470795687
470823000
470905968
470941718
470992406
471025750
471060875
471126593
471140031
471159562
471230218
471247781
471364687
471620843
471647062
471795250
471899468
471970281
472092406
472294187
472438312
472473093
472525750
472604156
472644656
472822781
472857093
472941625
473029593
473116437
473753593
473825875
473989000
474024031
474244687
474500281
474608593
475215562
475356812
475732718
475788250
475938843
480339375
480473906
480780562
480892875
480994375
481169750
481305031
481376156
481409718
481447312
481609687
481662812
481813687
481875125
481960343
482117656
482290250
482506843
482576906
482671437
482761625
482818437
482885843
482907593
483092593
483120562
483246281
483286875
483426343
483971781
487003031
487057437
487379937
487420875
487653750
488655562
488708062
489648781
489728062
489775781
489886593
489973875
490024593
490063250
490113312
490247468
490304093
490344781
490526250
490626718
490725937
490841218
490966468
491012781
491228593
491280031
491325343
491396187
491420875
491782937
491998531
492034406
492159125
492237343
492336281
492385875
492611843
492695156
493038375
493081062
493256312
493790718
493878937
495065531
495409625
495811968
495935687
496186937
496302281
496463656
500177906
501060843
501391031
501465218
501612687
501836750
502301250
512129656
512204468
512263531
512277250
512371562
512407906
512419062
512491937
514029312
514709125
514801968
516536062
516643687
516818062
516958937
517045468
517178781
536200281
538422125
538908218
538998718
539259906
539369031
539382312
539438531
539472281
539530093
540194656
540254062
540337218
540415687
540466687
540477562
540508812
540654281
540669562
540674906
540802281
540894718
540957406
541068281
541114843
541128093
541381187
541474437
541509937
541532125
541574062
541711562
541737562
541826750
541869937
541954812
542062031
542186718
542200625
544926156
545176125
548655437
548704375
548855000
549073843
549302375
549391687
549536125
550587781
566126937
566363406
566496218
566504906
566526281
566858000
566929218
566986718
567086125
567317781
567556687
568067812
568147000
568293187
572994718
577937750
578024531
578708406
581250656
581432343
581459312
581499968
581621375
581775218
582823875
605745156
605768968
606120531
606313125
606320687
606384718
606455500
606587156
606597781
606718750
609158187
609279375
609345250
609559937
609626187
609716531
609760218
609783156
610127843
610216312
610689312
610712187
611012531
611422937
617223187
617411062
617741312
617797343
617865812
618033750
618099531
618150718
618332500
618370250
618840125
618938312
619048031
619161843
619262093
619297156
619401937
619620125
619780093
620647187
620882750
621617531
622442187
626269687
626370906
629269406
629343812
647170312
647405937
647594000
647683281
647833718
647928718
647947343
647966562
648188593
648403750
648497750
648733531
648781968
649087875
649138375
649144093
649345625
649468062
649643812
649683468
650005406
669825750
670131375
670199906
686903750
692025281
699043593
699200281
699357593
699364093
699368968
699534937
699612781
699623281
699695093
699734437
699816656
699858437
700236187
700312031
704884125
713518968
725871718
740677406
740973468
740985375
740989875
741093156
741227468
741325125
743037468
747806343
778386500
778463718
778652281
779305125
779314281
779411093
779427687
779707625
779763281
779815531
779930468
780178187
780382062
780471218
780546000
780678968
780749312
780843406
781008031
781170937
781685031
781776500
782479531
782640968
783730750
783830312
783905937
784095187
784401281
784570781
784683031
784687906
784906906
785014656
785292812
785647750
786227312
787845906
787855656
788234906
788476687
789081000
790008625
790447187
791905562
793592406
794144343
794347656
794477937
794712093
794807468
795048656
795768625
795864000
797648625
798022625
798195812
798209125
798329750
798456250
798529843
798575968
798610625
813591218
814139343
818950812
819047156
819231812
819356218
819362187
819448562
820236000
820360687
820468937
820662656
823497906
823810062
823814750
824219812
824303000
824324812
826831062
827079718
831840625
879378687
880705031
894719656
894725718
895623875
897999718
898121093
904691218
907775062
908113562
908117968
908124343
908181906
908486968
908644906
908931968
908937312
909240531
909296906
909304312
909311531
909441312
909533062
911003093
911164781
911390500
911536625
913110812
918321562
918327031
918341187
918512968
918933687
919623937
919785906
919798812
919877906
922013156
922514718
923148062
923534562
923620468
923740562
923843875
923952250
924045375
924119843
924598531
924844500
926234187
948697843
948705281
948710093
959826687
959830843
960564531
960768187
960782843
960880562
960899656
960972531
961045343
961054406
961060781
961070750
961203500
961260687
961343218
961421906
961476781
