72703531
73399156
73470062
73535218
73572031
73608968
73648781
73662187
73691468
73707062
73753968
73812468
73833593
73955500
73976218
74050718
74071250
74087031
74112218
74161875
74189937
74310781
74349062
74380531
74471375
74491093
74605718
74629312
74693687
74713937
74949062
74999687
75018750
75068406
75219375
75402718
75591406
75633156
75688281
75750593
75776406
75812875
75946000
75962718
76018656
76178312
76264625
76399031
76505750
76532781
76606750
76652906
76691531
76739843
76763406
76898000
76945750
76977156
77105531
77333781
77375500
77468250
77576812
77904437
78108468
78212437
78294656
78324781
78361781
78419843
78551031
78640406
78695500
78807312
78871406
79022281
79550156
79731875
79989312
80073812
80370093
80481531
80568562
80589812
80670625
80857718
81051562
81092375
81237812
81422312
81736343
81873375
81983562
82169343
82258187
82339093
82371750
82384843
82530625
82708187
82815187
82903718
83388687
83446031
83472468
83636375
83728843
83782343
83801187
83972937
84022875
84125562
84177250
84261031
84364031
84412000
84444500
84473125
84561343
84721218
84861156
84940187
85062875
85251781
85325312
85577375
85645312
85718031
85815750
85881750
85973531
86115562
86223437
86270562
86314531
86394968
86478468
86518031
86607875
86635250
86968968
87372718
87424562
87472156
87492437
87691843
87787375
88027562
89053031
89263343
92296125
92459062
93459937
93618593
93690156
93768218
93957250
94096531
94320781
94393156
94479218
94493968
94579093
94729437
95110281
95346531
95742375
96080187
96183812
96251031
96428437
96467937
96530843
96630031
97035468
97112312
97284250
97315125
97415906
97487781
97510500
98105625
98251250
98388875
105599468
105657312
105707562
105726906
106106343
107459531
108889593
109482218
111122937
111307312
117679406
117701750
117927062
119113718
121235187
121315625
121530375
121625843
121755968
121825687
121927125
121962093
121978937
122584781
122611750
122835562
122870656
123063406
123470750
123656125
124060468
124896625
125079531
125621312
125760218
125998906
126837062
127246031
127538718
128861812
129691593
130127531
130174812
130214125
130300312
130341906
130360687
130380937
130406187
130424000
130476875
130641250
130682125
130821281
130834625
130908812
130978656
130996500
131020000
131117468
131168125
131288593
131323406
131449125
131514093
131531375
132039125
132596781
132962062
133091312
133161781
133224687
133269343
133497875
133557406
133580218
133608000
133627625
133680625
133703687
133721281
133823875
133908500
133983031
134089812
135682843
136112500
136238250
136690218
136988718
137336593
137631375
137711468
137831656
137843906
137918375
137940312
137952187
137974437
138087093
138414593
138535968
138624062
138741843
138939593
139040375
139119593
139220437
139483000
139831000
139934343
140181625
140437125
140543593
140565093
140631500
140704875
140721000
140804062
140894156
142398718
142465000
142826500
142846250
142877937
142911593
142924468
143031750
143056468
143074406
143127781
143168062
143271125
143459750
143728218
146720562
147034093
147124750
147246937
147368312
147555531
147771937
148172031
148243812
148346875
148506125
148656312
148720562
149025312
149489937
149619500
150009531
150170687
150280156
150353343
150456125
150639187
150696031
150812937
150945250
150979093
151029968
151254562
151394750
151408593
151685843
151802562
151947625
152029125
152105375
152186625
152200468
152225625
152298750
152322593
152433531
152466187
152538062
152709000
152750625
152885187
152901593
152936312
152956000
152992812
153120093
153259000
153271687
153408000
153709093
153811312
153843312
154043218
154140062
154232062
154796406
154830625
154883718
155054093
155090156
155261562
155314781
155505031
155587656
155624750
155670312
155678218
155972125
156043812
156198156
156262593
156282937
156558906
156668562
156737843
156875218
156929718
157029000
157126468
157176562
157223968
157369375
157396968
157528968
157577437
157607281
157682531
157835468
158769281
158839875
159529031
159641343
160028937
160091562
160177343
160191093
160269250
160319718
160402531
160415843
160506968
160526562
160570312
160586468
160710468
160825468
161046375
161081406
161191687
161325187
161361468
161412218
161572468
161594781
161642250
161843406
162002312
162063656
162227250
162285000
162314937
162357812
162389562
162716562
162756937
162990437
163263781
163367250
163431562
163762093
163934781
164088906
164145968
164223750
164250031
165723968
167136750
168333937
168583406
168689406
168731031
169168406
169372375
169553062
170255875
170274218
170342656
170430593
170454156
170474718
170605406
170653062
170728375
170888625
170968968
170992187
171053937
171439406
171455187
171990093
172306500
172469656
172641031
173345156
173533000
173625312
173855406
173932781
174242968
174303062
174447218
174619718
174696125
174803312
174994375
175245718
175334281
175399812
175543437
175909875
176331343
176406875
176810312
176926375
177142343
177451125
177842000
178820468
178990156
179297343
179508218
179646156
179758031
179877468
180023843
180068250
180142843
180180625
180282625
181028781
181114656
181369375
181592218
181673937
182681156
182991718
183061937
183071093
183096500
183153875
183593906
183871281
183992562
184122125
184136156
184352218
185044968
185385500
185886718
186768906
186880656
186969031
187191218
187841937
187904343
188051968
188316093
188408781
188630781
191598906
192611406
193167093
193476781
193608218
193627750
193949500
194173406
194715093
195862000
197093718
197256843
197714218
198379812
201991656
202147125
202258656
202355031
205019031
205085093
211303812
211437875
211462031
211484250
211541093
211558312
211606968
211649281
211757031
211771656
211861687
211947312
211966750
211986625
212041593
212120343
212145531
212169437
212193687
212237593
212320562
212590593
212608781
212662562
212756312
212948312
212989125
213119687
213271218
213292000
213404531
213602812
213741343
214968750
215405843
215755187
215876187
216031718
216180656
216346500
216550156
216641718
217239281
217693062
218229750
218325937
219047375
219217843
219777812
219890437
219987406
220211000
220273156
220521562
221547375
223202937
225212843
227531125
231414375
231670000
232642125
233355343
233574062
233781218
234712562
234838125
235253375
235938125
235981031
236174187
236307500
236879906
237827968
243146281
244378843
245227968
245667375
246166343
246758875
249807875
249838812
249924437
249931687
249994062
250050000
250127843
250301562
250368218
250438218
250475062
250548156
250566531
250607656
250659187
250702156
250874093
250910625
251111250
251154031
251266781
251514250
252712562
252792281
255357812
255471375
255562375
255624468
255743000
255860343
256353656
256695593
256755562
256887031
257103906
257254156
257952062
258345437
258587593
258871687
260456593
260597062
264229187
266559343
266638843
266658781
266786968
266981468
267126781
270169375
270233937
270250906
270418593
270609375
270620812
270819031
271046687
271278187
271996281
272654062
272746218
273282156
277952781
278068750
278259687
278456750
278618375
278673000
279971125
280574437
281056968
282876875
283022312
290641625
290886312
291621468
292740625
297338000
299130968
300741625
306767062
306895843
312333437
313859250
314610843
318245125
318334500
323713312
326444437
327109125
328043031
329042562
332969656
333164125
333399593
334259000
334528031
334966906
334975000
335037468
335066687
335192968
335210437
335232406
335262062
335698281
335764125
335896968
335918562
335967093
335989125
336010562
337012093
337765218
338612562
340743875
340762781
340871781
340995875
341014343
341033687
341134718
341288593
341383593
341484312
341501937
341704468
341858375
342084093
342198343
342277406
342308750
342406187
342478406
342495968
342663312
342956687
343486656
345142906
345246781
345485875
346298125
346420968
346444718
346458062
346470531
346546218
346613968
346634500
346670718
347234531
348111531
364234468
364368937
364431437
364606812
364662906
364986531
365128562
365431531
365707812
365850968
366313062
366388125
366727062
366920156
367024000
367149750
367605531
368046218
368274031
368456218
368510812
369005343
369064156
369080312
369111781
369146187
369178343
369228625
369257593
369299218
369371750
369393406
369417000
369440437
369531343
369576625
369624062
369703031
369777781
369860593
369917937
370024500
370273937
370811968
371050656
371464250
371892687
371996062
372112875
372231687
372392437
372693625
372961125
373017906
373101031
374140125
374467843
375333968
375987968
376157125
376168125
376233968
376266468
376313593
376355375
376506000
376697125
376722500
376961750
377041343
377202125
377623468
377705531
377880593
378118718
378542125
381969000
382258125
382461312
383308062
383676093
383796343
384446375
384724750
384960250
385692343
385863718
385911531
386074750
386258750
386375718
386878656
386986937
387472437
389135437
389284906
389509406
391461843
392965312
393021781
393029875
393048875
393210625
393639781
393730500
393888500
394049968
394268437
394284250
394383718
394443062
394726593
394910968
395338406
396229562
396303968
396442187
397471031
401535593
402092687
402525375
402667875
402702781
403824781
403927750
404600312
404909531
405356843
407553281
408607562
408701625
409046937
409109718
409199843
409275062
409317500
409324562
409337843
409354218
409365843
409437312
409471843
409483187
409499437
409556625
409618343
409664312
409721718
409856312
409882093
409915468
409929218
409958937
409981468
410017781
410065000
410147093
410161656
410212062
410315437
410454125
410905375
411070937
411121468
411227750
411256812
411434968
411671375
411746625
411815031
411904125
412004031
412106656
412151468
412222656
412305468
412429000
412595093
412677500
412737500
412844000
413251562
413623937
414267718
414423062
414652968
414752937
414907593
415685875
418158781
418630156
419072562
419121375
419221437
419333000
419498843
419619375
419738218
420006968
420018843
420210062
420375875
420580312
420646781
420946218
423864812
424388843
424635937
424965625
425708562
425963781
426817500
427233187
427382250
428380375
428742343
429479125
429578500
429660593
429713343
429800593
430008000
438509718
438852906
441984843
446331281
446728406
448069312
448649437
449372250
449456375
449567781
451149781
451710437
451989843
453041093
455678906
455691937
455705875
455782750
455830375
455905937
455937812
455999968
456016125
456028500
456132906
456166937
456917812
457234406
457415968
457501656
460046843
461884687
462820875
463491781
465686437
465945562
466005218
466278000
466385968
467196093
467757406
467953781
468085593
468176625
468317312
468413562
468431406
468540000
468575125
468597781
468606281
468877406
468940687
468966843
468997312
469756031
469890312
469974593
470026781
470102875
470115750
470153593
470169406
470346656
470825562
471250812
473351937
476360093
476523593
476690593
477189312
477553718
477861250
479115312
479214593
479270875
479429968
479623656
479691187
479785812
486673187
487230656
489105468
490293406
492691593
494874375
494988843
495063031
495225000
495235562
495261593
495336093
495402031
495454625
499283468
500995875
501581375
501663718
501964406
502187062
502197375
502209312
502347718
504466250
504725375
505583156
506177750
506557500
506663437
506711000
506747000
506818875
506933156
507105156
507188375
507335562
507353656
507447875
507536437
507728562
507861062
509482343
510139250
510224218
510803937
511061750
511385000
511785656
512543187
512833250
513020750
513410062
513614218
513793468
514085156
514154968
514175187
514319500
514477406
517976875
520617906
520743500
520921062
520965781
521019218
521026750
521072968
521293468
521394812
521659000
521867281
521979312
521997937
522133718
522238968
522351406
522567468
522729531
524166406
524261125
525109218
526929593
526947625
527087156
527166625
527483187
527584843
527682031
527703937
533828718
535708093
536375250
536426937
536535687
536617093
536780781
537040562
537703187
538982093
538993062
539115062
539285312
540444875
540732500
541273625
541448937
541567781
543380031
543403531
543441281
543519343
543594593
543632218
543666468
543734281
543776218
543797593
543863968
543891281
543944750
543962312
544021000
544085843
544147781
544218312
544267968
544302968
544422250
544551468
544596437
544615281
544690437
544720500
544753750
544765781
545522375
545948937
546958031
547508593
547904562
551720437
551830031
552086812
552321250
559524906
559684656
559889156
560125875
560240031
563324437
564439250
565305437
565449343
565912562
566733687
570195593
574779156
574806312
577634875
577751562
577821500
578541156
579977906
579984031
580007437
580346562
580576093
580695718
581430750
581703406
581961218
582618406
582676187
582700718
582754968
582813000
582892687
582907437
583111781
583381031
586223562
586365593
586474156
589182031
589395375
589476593
589574500
591183562
591290906
591358875
595440125
597578437
597785687
598348125
599065906
599203218
599284281
599792562
600927031
602844468
602954156
603088312
603120625
605014656
605097281
605546500
605952812
610581000
611021531
611467531
614031531
615434750
615605750
623175687
623839625
627738781
627979625
627990406
628079375
628142750
628257625
628372656
628487718
628843500
629898500
631088343
631187406
632467781
632479156
632513937
632654468
633230187
634698093
635036375
635275468
635430687
635504062
635587468
636024312
636307406
636409437
636652500
636916656
636975531
637544500
642394437
642429187
642436750
642580375
642587906
642620218
642687875
642755906
642838437
642881750
642925812
642959250
643205437
643296281
643338218
643423281
643627687
643731531
643767031
643951187
643962312
644156500
644224156
644337437
644403593
644471906
644488187
646103031
647662562
651757875
652136562
652883781
653088593
653176187
653341718
653922062
654026781
654348062
655916093
655990968
656116937
656124718
657486718
657853656
658837250
658940562
658956906
658969906
659054218
659084937
659578875
659685656
659739031
659752812
659776625
659826687
659843187
659862156
659880812
659938625
660112875
660192187
660352468
660362750
665417625
665783656
666408437
667006500
667306031
668533062
670606656
670707187
670779000
670889875
671120000
671164406
671288562
671404843
671685250
671989312
672092468
672180906
672549937
672742312
673177343
674091593
675314375
675328437
675628562
676034406
676249812
676691093
677182437
677302000
677575562
677659843
677745875
677834656
677967062
678147718
678420812
678769062
679131062
679877906
680641156
680815656
681844218
685231062
685244500
685281218
685314625
685366156
685534625
685553468
685618718
685667781
685686906
685699625
685714406
685828156
686070750
686203281
686295562
686383281
686656875
686727218
686980843
687045843
687147968
687162093
687251687
687267406
687313968
687364593
687599875
687643968
687697375
687796250
687809000
687864875
687925031
688022406
688180312
688258812
688357687
688740437
688943500
689020968
689104968
689122531
689196218
689618062
689706468
689867125
689937531
690015312
690132937
690235687
690572687
690896187
691179406
691345593
691490187
691862531
692116781
694086843
694519656
694938187
695030593
695040531
695110656
695163343
695269593
695357531
695561250
695825468
695947687
696024125
696077218
696154937
696224812
696311250
696341500
696602843
696694375
696782187
696876625
696966843
697025937
697086406
697100937
697152750
697180156
697194031
697234312
697364156
697430468
697645312
698054781
698383531
698486406
698581125
698596000
698672562
699600562
711478656
711885562
713823125
715688906
716007312
716039156
716152781
716185562
716280062
716336156
716707937
716798812
717155875
717227437
717243218
717255250
717347500
717391093
717424093
717439718
717738906
717843781
717944718
718933812
719023156
719129812
719261906
719356531
719457718
719907656
720295500
720875718
720941906
721065093
721228343
721496875
722725625
722964125
723055375
727566093
727727843
728254125
728404375
728525375
728629531
728709625
728869812
729440687
730052875
730355968
730553468
730858156
731218750
731640406
735787656
739483750
739556093
739574437
739770312
739946031
739997718
740078937
740582000
743462718
744498312
745029593
747933312
748140250
748322156
748398875
748544968
748730156
748741656
748803937
748953687
750809531
750915062
752310625
753005062
754523000
755003312
758404781
758668031
763414906
763425000
763485312
763560937
763601593
763803156
764718593
765744000
765833250
766042750
766288312
767557906
767841625
767949906
768063656
768350343
768519937
768569750
768834937
771629187
771973656
772791562
773046062
773739406
784448218
786421312
788176531
788274562
788350093
789240437
791300843
791923468
792079750
792387875
792671875
793188687
794503468
795507656
796131968
796260937
796823125
797489312
797652250
797908000
799498250
799629656
799753468
800709687
801206250
801767687
805596000
806005687
806940312
807193218
807604000
807729812
808161375
808245218
808363062
808427593
808495500
808521906
808530687
810578312
811166250
811346906
811392562
811431906
811442906
811808281
812104218
812371343
814554687
814600156
814847843
815967000
816055093
816160812
816208093
816219156
816352406
816360843
816375781
816409750
816420281
816578625
817641375
817693968
817704656
817777250
817823531
817832781
817892343
817921687
818051781
818060750
818148093
818163687
818177718
818338218
818932281
819202625
824021125
824166718
824655156
825095468
825394781
825533625
825724625
826307718
827222906
827347718
827586062
827605062
827681750
827768468
827862375
827951625
828073937
828111500
828118593
830197781
833228906
837922375
838610125
838837781
838950062
839162906
839394281
839518187
839854656
840357875
840492031
840569250
841707593
841764687
842153875
842258875
842390843
842565062
842814750
842927093
843358375
844031437
844569843
844792781
844861156
845074843
845243531
845971812
846065812
846237812
846258875
846626718
847448656
847476125
847622156
847636468
847699656
847722156
847731281
847753437
847766812
847805500
847824750
847839718
847848937
847957875
847996843
848018468
848145406
848205718
848274750
848286781
848306406
848327281
848355031
848378562
848392625
848404718
848434062
848482812
848536968
848653687
848878187
848917906
848936968
849041031
849063906
849260406
849362781
849427000
853129343
853437468
858650281
861125843
861252343
861542062
861940062
862154531
862373781
864379093
864572468
868560375
869495375
869766812
870360812
870433000
870562687
870667093
870778218
871132781
871318468
871684718
873021406
873031093
873056062
873094687
873131375
873222031
873489437
873600531
873765312
874102625
874196250
875981031
879883125
882395468
882673531
883162343
884369187
884624218
884703125
885015625
885270750
885378843
886777000
886787906
886899312
886912718
887035906
887179531
887262250
887422093
887506343
892053250
892120250
892322375
892444000
892730093
892788031
892874500
893147656
896860218
898684281
899909750
901434812
901444875
902328375
903631843
903710156
903775125
903873281
904235625
904426562
904617593
904844468
905817781
906428750
906440093
908047687
910575093
910882562
911613000
911742250
913034718
914796531
915261375
917478562
917867187
920304875
920390968
920456750
920583531
930579562
937099156
937391062
937665687
940200781
940483500
942842562
956901218
957108093
957191937
957573718
957752093
959168937
959364406
964128250
964792125
967160000
967546250
974839781
975282500
