78391343
79756375
80036156
81375468
83056468
83098656
83169812
83206218
83297937
83315875
83370312
83963718
85230187
87152906
87420000
87695468
87769093
88300187
88683687
90015062
90079281
90123843
90135531
90259250
90765750
91270687
91281406
91388843
92572343
101703000
104784281
104947593
105009656
105046250
105061843
105076406
105085500
105170750
105224531
105240562
105286593
105323968
105565375
105636062
105749531
105833843
105901562
106102312
106230062
106285187
106371218
106408718
106426750
106438468
106546125
106574218
106595406
106625312
106659156
106708531
106834281
107201437
107262000
107506093
107639375
112151875
112305531
118098968
118228625
118582718
118618125
119953250
120064375
120247281
120341218
120436750
120549031
120611062
120716406
120741125
120765031
120830156
120875531
120946468
120989250
121011937
121086062
121224875
121269468
121323875
121434281
121453812
121514718
121566625
121650375
121691187
121718687
121751468
121887968
122261062
122322031
122481468
122556250
122664937
130501062
130571093
130593375
130651937
130666750
130676312
130797968
130958531
131678218
131986125
132021093
132066406
132076250
132118062
132153343
132168250
132179531
132194906
132215718
132226375
132309812
132334531
132347750
132358875
132375968
132399781
132414406
132431718
132480343
132523750
132568781
132649906
132686281
132787531
132828187
132852250
132970500
133037062
133431656
133633625
135251281
135290062
135473781
135589000
135656593
135684093
135765093
135801093
135902468
135997093
136104875
136323468
136436656
136483031
136539281
136554500
136580281
136672750
136692656
136705937
136744250
136873187
137014312
138343687
138481937
144463562
144531562
144637218
144699625
144763062
144835156
144886031
144896593
144907906
144950531
145042937
145071062
145137750
149475187
154863062
156275562
156374718
156434187
156639781
157719875
157741593
157962437
157996843
158023468
158038031
158111156
158128000
158139937
158175437
158264062
158418437
158667937
158744187
159057062
159349750
159781875
160011406
160744125
162428531
163478781
164625687
164805531
164991250
165133843
165224625
166416750
166549281
167187531
167344031
167412000
167450875
167517781
167545437
167590812
167598781
167682562
167735843
167830406
167979875
168027812
168095093
168883500
168983875
169262218
169496000
170071500
170849187
174045906
174064625
174070062
174081562
174935781
175284687
176154937
176918875
179856531
183371562
185274250
185411187
186405781
186507093
187060687
188872468
189444031
189542093
189704562
190171093
190179906
190378125
190471531
190801468
190997656
191263968
192278500
192462250
192788843
192914218
192936781
192975281
193138343
193150843
193204250
193233625
193263656
193281125
193301625
193382781
193416187
193547656
193597468
193623500
193648062
193679343
193715562
193751781
193781125
193884406
193957500
193982343
194010906
194079562
194196937
194234375
194268156
194455062
194521312
194803812
195499937
195879093
195932718
195985000
198052437
198224656
198437500
198554812
199086625
199273281
199319281
199340812
199396406
199439718
199455250
199542468
200096218
200160156
200252343
201211812
201268156
201373593
201404187
201503750
201516781
201952468
202521875
204656500
204816656
205260656
205276843
205374375
205390281
205448062
205469187
205482500
205534687
205567500
205600000
205612531
205659218
205722968
205792750
205873843
205890218
206396218
208675718
208806625
208899750
208922468
208998937
209015843
209024781
209097593
209236281
209346156
209454000
209578125
209697093
209848031
210017812
210081656
210215593
210358718
210734750
210824656
210903500
210970562
210988062
211021406
211034718
211081656
211095437
211189812
211210093
211229468
211501437
211693500
211786687
211897437
211930593
212546281
212640812
213898750
214448968
214529375
214673468
214738031
214790750
214806968
214823812
214865750
214880843
214985312
215098531
216958343
217096000
217179062
218542500
222012062
222067937
222148781
222218718
222280062
222443250
222475187
222606875
224363000
224494125
224670437
224728125
224826593
224916500
224937531
224964500
225096250
225149125
225291406
225356968
225503375
226680625
226786343
226895031
227003593
227043812
227210375
227250031
227271000
227311031
227626375
227709406
227775125
227921562
228034750
228094375
228151906
228202375
228354500
228422937
228442406
228520593
232404156
232692500
232901937
233002625
233014343
233071468
233166437
233195843
233207531
233312437
233333937
233605593
234270718
234669093
234763000
234821343
234876593
234939750
234960406
235033062
235085375
235171031
235230062
235317343
235366937
236067468
236138250
236193312
236210625
236326437
236348875
236392843
236407156
236445687
236500906
236627125
236984750
237186718
237253937
237343625
237385281
237460781
237558343
237615843
237864750
237931406
237983656
237995812
238065656
238208781
239649531
239770343
242131875
242258468
242899156
243159000
243400593
243487531
243522468
243686218
244139187
244538968
244625062
244782531
244820406
244873468
245218156
245319531
245866562
245936531
245955687
245974812
246019343
246040406
246123937
246135187
246194562
246267562
246326093
246508750
249015093
249065093
249397093
249809156
249845968
249873375
252240062
252279187
252295250
252343843
252374437
252420062
252430312
252449312
252466625
252484968
252505781
252556187
252567625
252650375
252688031
252725281
252748937
252861968
252933250
252957625
253006218
253030343
253043968
253086593
253195218
253205875
253299843
253326343
253634843
253687187
253764187
253789312
253867843
253899500
253935906
253946812
253996625
254015406
254254625
254276437
254295406
254338875
254380500
254407843
254567781
254592250
254735125
254749593
254789281
254862125
255057187
255280718
255551218
255588750
256345937
256743437
256822125
257087250
257191906
257446218
258049500
258133750
258178281
258213312
258352187
258668406
259259093
259781812
259941781
260007156
260133312
260159937
260173593
260227531
260286750
260758281
262300156
262651656
262782250
262874343
262912218
262940156
262957625
263021000
263082687
263162875
263659031
265236062
266828781
266927250
266949093
267050093
269849343
269946000
269988750
270021906
270032656
270156375
274288531
274500812
274600625
274633218
274738031
274789031
274844031
274853531
274896656
274992312
285053531
285301562
285375468
285504031
285574593
285600500
285610375
285657656
285663687
285795343
285882031
285919750
285971906
285991750
286064968
286103031
286141000
286162875
286213656
286254281
286395781
286642531
286722093
286794718
286814593
286848406
286867281
286905031
286950000
287058843
287295906
287457781
287750250
287813406
287954281
288097843
288416218
288523312
290134031
290261968
290325281
290388968
290409937
290463625
290477093
290517625
293761562
293782812
293896218
293915968
293996312
294075343
294117875
294141625
294187812
294210281
294259656
294268312
294288937
294347625
294382031
294436750
294490687
294557375
294608875
294826156
298015656
298090968
298113875
298201437
298241593
298311968
298354500
298380750
298407593
298425687
298453281
298487625
298503687
298559062
298586187
298603312
298628000
298689468
298744156
298758250
298784781
298801093
298843906
298869718
298893500
298952687
299032437
299086250
299137968
299152250
299198375
299273125
299287250
299354218
299366500
299442343
299504093
299596781
299682843
299918656
301814593
301901375
301952031
302186843
302299625
306804968
306955875
307257031
307332625
307499593
307638250
307695812
307807125
307815093
307914406
308002093
308143781
308557625
313098656
313869593
314487156
314944593
315865468
315975437
316137593
319597187
319607812
319861406
320018937
320079312
320146281
320240781
320352125
320405750
320415906
320437093
320489187
320515500
320557781
320648906
320690343
320814531
320880625
320924968
320993843
321052687
321140593
321187500
321287062
321400312
323701625
323750968
323781218
323804937
323810125
323829562
323891343
323909656
323944281
323956687
323972968
323985218
324008875
324026031
324046500
324103343
324121406
324136125
324164000
324194625
324247593
324319718
324334500
327636687
328701218
328814562
329109406
329383437
329425218
329545187
329652718
329782718
329845125
329881312
330016718
330035937
330064125
330138437
330226968
330251218
330358437
330381281
330406937
330437843
330446687
330524343
330602718
330687156
330713218
330858593
330865156
330957531
331445812
331605031
331708187
331758250
331823406
331894531
331915906
331961906
332527531
332565093
332592843
332656593
332715937
332887187
333002375
333032812
333146593
333197312
333607812
334416125
334837593
335216156
335396125
335682218
335775718
335842312
335913031
336012875
336024343
336057062
336073875
336097468
336152031
336166000
336295000
340859375
340951937
341040812
341077812
343235750
343473156
343521843
343600312
343640781
343760187
343833125
343919500
344242468
344302312
345410031
345577625
345703156
345761937
346256875
352686375
352984656
357603031
357756656
357769718
357778531
357794468
357890250
357986625
358054031
358297781
358454593
359415093
359733187
359753906
359782468
359998687
360029500
360037343
360157156
360186343
360376406
360408843
360489187
360880968
360977125
361003375
361077062
361089156
361176218
361219343
361287375
361349125
361420218
365325343
365453000
365511437
365579093
365650500
365720468
365782187
365942000
365990218
366054812
366074593
366117843
366186843
366331656
366530906
366759437
366817343
367031000
374411343
375992750
378611781
378780218
378879218
378896593
378982187
379012406
379071093
379163875
379215093
379280031
379302718
379395250
379495187
379586562
383922625
383999062
384093031
384108968
384152468
384232687
384290187
385000906
385123343
385273968
385476093
385565468
385720593
385793937
385855718
386096562
386160937
386269343
386321531
386348375
386366750
386403250
386423687
386438156
386494562
386527968
386614812
386622593
386637156
386661500
386808687
386855625
386911875
386981437
386998812
387026593
387184437
387294843
387313500
387326093
387417500
387538687
387634000
387668750
387681406
387737093
387783843
387818125
387857062
388220156
388257781
388369562
388544250
388656468
388673718
388723312
388835406
388871281
388894875
388914093
388942218
388981906
389076937
389110500
389119906
389134218
389272312
390921000
391089156
392155312
397280906
397437406
397655937
397707468
397751343
397838218
397930281
397950531
397980562
398005062
398041781
398110812
398220062
398340812
398451281
398591343
398929343
398969093
399061750
399157625
399230562
399296406
399698281
400166125
400420593
400572687
400783218
400948156
401453406
401531718
401855937
401971375
402025500
402071687
402171843
402282906
402319875
402343968
402357125
402372156
402444468
402511750
402593000
402832062
407208562
408305156
408489656
408495625
408519500
408584218
408603750
408779093
408802687
408812937
408836187
408863031
408976218
409071437
409093750
409111750
409158937
409188718
409223281
409332281
409507031
409634093
409646906
409654281
409933187
410020781
410112500
413683031
413793437
413893343
413924000
413982968
414049562
415428593
415592531
415656531
415693593
415815781
416052625
416441812
419439625
422679187
422815781
423026531
423094406
423176375
423317500
423369156
423518375
423749906
426155625
426274437
426335156
426336500
426364312
426416406
426502437
426549000
426567562
426608250
426720750
426731593
426752531
426819281
426861750
426876375
426907437
426941781
426993281
427012906
427025562
427058718
427084500
427113125
427144625
427164156
427238312
427267312
427680656
427939218
428026093
428098593
428143281
428215000
428238468
428568531
428648375
428659343
428811000
429317625
429574812
430219031
430234031
430302031
430325187
430358156
430405406
430529906
430847656
431078281
431445625
431502125
431543500
431580781
431647000
431686031
431737312
431795125
431835625
431937406
432076000
432309750
432606687
432665781
432821687
432873156
436417125
436502843
436655437
436679500
436724250
436796812
436851968
436907250
437011562
437037468
437065781
437124031
437185281
437203562
437420000
440253843
441033593
441170906
441893250
441960187
442006531
442056687
442316687
442390125
442457125
442521437
442563125
442585000
442617031
442668593
443930125
444453000
444561093
444634656
444692406
444722968
444739656
444768062
444858875
445004312
445036781
445140562
445438937
445495093
445756031
445807281
445855968
445883031
445892562
445966968
446030343
446056375
446081468
446116437
446214937
446389000
446413937
446482187
447918531
448086375
448295500
448382093
448853031
448892062
448909468
448923281
448953750
448989281
449005156
449160781
449329906
449512406
449809812
450157500
450875125
451597312
452384031
454009500
454573500
454701218
454726156
454837125
454865437
454882281
454925218
454934062
455036593
455074500
455084843
455104437
455146531
455175562
455242312
455332687
456708812
456912000
456951875
456986687
457070031
457158375
457304406
457539218
458535062
458777187
459602562
459781906
461077156
461194843
461420875
461452000
461498750
461667125
463456843
463516250
463779093
463829875
463849437
463933531
463984187
463999750
465625250
465710968
465748906
465775375
465789843
465895656
465921656
465937625
465944968
468421218
468489562
468508656
468565500
468644375
468672625
468730500
468740312
468751000
468805437
468824250
468921781
468933781
468947468
468962250
469018125
469046656
469068687
469133968
469152906
469194906
469279187
469334812
469367406
469457500
469475937
469717125
469781437
469937875
470284406
470293656
470351625
470385250
470555750
470666187
470729125
470755406
470786031
470819437
470826906
471014937
471136250
471342937
471620437
471750031
471816625
471879812
477674906
478624750
479238843
479912812
480281812
480388875
480486281
480556781
480800750
483301656
484174593
484285312
484353625
484420718
484437156
484475312
484496125
484596625
484672093
484765937
484884093
484938531
484990406
485024312
485259156
485874156
486530156
486684218
486793406
486852062
486958625
487015343
487036000
487078281
487110000
487190093
487303125
487388562
487451812
487981281
488059218
488103562
488257968
488413500
488438968
488454937
488525156
488696125
489752125
490734062
491085375
491160218
492731062
492794968
492964937
492973125
492984156
493017625
499622843
501158906
501194156
502540062
502566125
502585281
502715718
503031031
504222187
504312031
504389843
504522125
504590843
504657906
504712500
504751781
504792062
504901187
504927937
505023093
505086562
505130531
505196468
506719062
506803218
507202062
507972968
508108531
508229500
508310187
508465437
509041656
509244781
509312375
509428343
509451843
512015718
513456718
513503437
513535250
513593562
513614968
515900312
516049406
516142843
516786937
516955500
517015343
517088812
517145312
517205218
517235718
517297375
517316500
517336218
517380593
517427218
519920000
522346281
522382750
522550812
523216062
523346343
523486562
524767750
524863218
524933500
524985093
525054312
525112062
525188468
525358125
525407750
525417937
525480843
525531843
525565125
525592187
525672156
525786093
525836593
525858843
526034968
526130968
527289343
527651500
527710781
530790718
532693937
533166312
533316125
533454750
533624468
533748187
535204062
535301406
535400687
535437968
535455250
535533531
535573375
535610125
535662718
535669031
536445625
536534500
536676500
536750531
536785250
536864156
536875625
536931000
536945906
536954468
537000468
537049218
537084156
537129531
537177187
537274250
537291187
540036000
540229562
544931375
545189281
545349437
545428625
545551093
545594875
545676718
545693875
545710781
545814718
545848375
545883843
545907250
546005125
546043375
546220406
546379812
546484218
549212406
549433656
549480937
549610437
549786687
549847531
549907437
549966593
549991187
550148250
550266531
550372281
550403437
550419562
550430406
550457031
550474687
550512843
550543531
550565937
550590562
550661343
550677250
550697000
550732937
550807906
550850718
550864625
550897343
550915312
550922875
550972531
550992781
551202093
551532718
551619531
551678375
551963812
552145437
552403843
552424093
552639125
559616343
559723093
559836031
559857250
559870125
559884343
560099343
560166156
560174687
560188250
560289937
560303281
560417343
560430968
560555406
560563593
560579750
560599187
560696218
560727718
560907187
561008656
561022218
561039812
561049468
561238968
561258531
561276062
561309187
561348750
561381218
561398906
563709312
563931062
564088968
564161625
564186687
564416968
564460218
564532500
564619531
564807937
564841968
564979031
565042312
565078812
566461437
566819656
567058687
568225281
568293125
568318343
568331375
568376312
568455281
568503750
568558187
568573406
568616531
568652843
568699343
568724687
568741500
568754781
568821625
568834875
568862906
568870312
568893281
568926156
568947750
568970093
568987187
569084625
569105687
569125093
569146500
569276781
569398218
569437312
569455218
569462656
569508437
569558781
569769125
569807906
569844625
569883781
569903281
569958968
569998406
570105312
570143687
570204375
570267500
570290593
570381437
570413093
570452250
570520343
570551125
570735937
570836406
570955593
571245250
572533500
573252968
573302968
573863000
574144968
574485437
574595875
574640062
574820468
574842187
575652531
576033062
576543968
576705687
576965062
577084625
577118250
577132687
577165437
577212656
577324156
577337968
577762000
577796656
577867500
577909125
577984718
578082062
578176625
582098750
584506375
585123562
585195062
585243406
585452406
585505375
585517843
585527500
585623343
585774281
585840281
585845062
585927593
585959187
586104781
586248125
586304687
586389125
586998593
587218812
587344187
587396000
587404562
587475625
587570031
587603406
588943031
589679531
589696343
589778125
589823812
589853375
590019750
590385031
590434500
590899125
590940000
591051281
591212437
591274000
591410468
591428968
591466750
591630531
591949031
592283468
594192406
594763656
594914375
601823281
603916875
603929062
604037531
604043906
604049093
604102187
604186937
604373187
604496750
604623312
606194093
606484375
607113218
607586312
607678093
607798250
608056968
608154562
608182062
608281343
608292156
608369750
609822750
609829968
609850250
614387687
614869375
614882093
614951656
614997562
615077093
615120281
615153781
615188093
615208593
615216781
615256687
615268843
615281500
615652968
615743843
615768156
615900906
615959656
615996125
616032031
616135406
616218218
616227125
616298093
616349531
616369250
616382875
617744437
617757593
617946312
617985781
618102312
618131000
618157656
618226406
618265468
618413750
625034156
625639437
625646937
627161968
627324218
627336156
627743562
628045093
628342468
628460781
628986062
629159250
629327656
629511031
629617625
629818875
629888406
629926718
629944875
630028593
630188531
630239875
630339718
630480593
630549062
630625312
630661656
630731531
630787531
630825218
630844312
630863406
630910062
630967031
630978812
630989968
631058250
631252500
631425000
631559000
631737218
631854812
631949562
632105093
632230312
632319687
632331718
632570218
632625406
632707562
632817875
638579906
638654781
638793093
638908093
639051375
639079375
639379937
639446281
639478468
639585687
639630625
639641687
641039750
641291312
641713000
643206250
643410593
643487437
643538500
644594031
644616718
646311593
646863906
646914062
647426468
647783625
648047718
648222281
648293031
648425750
649002687
649095656
649112781
649118281
649196000
649228625
649317687
649375468
649427781
649439812
649454750
649713375
649725718
649777718
649810281
649821593
650139062
650231406
650282562
650305218
650316468
650363968
650397937
650441531
650483531
650600531
650614125
650659031
650700718
650717750
650981093
651077687
651263375
652239968
655625437
655714125
655789062
655896937
655916375
656048906
656179062
656189656
656265531
656294187
656301250
656313656
656326718
656336406
656429031
656512500
656576750
656827437
658640562
663735093
663785093
663798125
663812375
663873468
663885281
663935437
663977531
664044062
664109312
664133781
664147781
664155593
664179000
664199343
664274281
664316312
664337781
664354406
664380781
664404218
664418468
664571968
664644781
664711406
664790375
664862687
664936718
664990937
665015687
665084250
665137812
665146062
665172656
665192437
665200687
665225281
665289250
665378625
665395218
665401968
665428156
665453593
665534406
665594375
665623562
665643812
665665500
665718281
665743500
665803343
665843687
665894875
665952875
665993812
666017718
666038375
666124875
666265218
667059906
667365468
667481062
667598625
667733000
667952531
668001531
668083500
668227125
668315812
668615000
669839375
669987656
670813812
671655281
672449375
672890437
673717593
674505781
674723437
675332687
675358375
675465531
675498062
675555125
675586156
675611093
675637781
675651656
675722531
675916062
675944968
675958968
675991718
676006000
676029468
676072687
676089375
676200875
676216968
676255093
676307125
676417031
676496000
676587500
676681593
676694187
676776562
676837625
676958093
677011750
678659218
678671218
678743625
678805937
678863437
678899656
678910375
678943593
678967781
679018625
679035312
679115875
679179125
684360437
684449343
684468593
686057531
686908843
686973062
687038375
687164875
687206937
687257593
687289906
687334468
687385343
687579312
687636875
687689687
691251656
691742000
691957562
691982656
692006312
692104250
692177562
692260812
692334843
692375968
692419875
692429562
692497031
692514375
692584375
692623906
692629187
692718843
692781156
692962125
693045218
693144406
693243375
693501812
693706437
693828343
693917812
693977281
694008281
694017250
694030500
694044375
694177156
694257656
694302750
694344468
694488843
694633562
694720875
695079656
695186343
695281468
696435312
696571750
701203250
701325750
701497187
701595812
701697250
701736968
701834781
701932656
702020656
702167687
703257875
703371906
703536843
705555500
706218906
706435562
706678093
706782000
706869218
706880843
706922125
706995281
707027093
707330531
707341656
710360812
710694718
710824812
710867531
710881875
711038968
711125500
711867593
714327156
714688187
714861187
714907656
714932125
715078750
715146531
715203281
715263812
715272000
715337750
715396968
715513781
715588437
715595812
715692343
715758218
715796781
715829750
715937187
716081656
716200656
716298812
716399031
723608093
724246531
724381875
724530156
724678937
729055968
729382375
729652750
729660625
729804687
730075062
730156750
730204687
730353656
730694250
731355843
732627812
732830906
733160625
733324375
735748687
736914750
737017375
737120718
737168281
737249781
737313968
737376250
737408593
737482843
737676406
737747312
737818875
737910437
737975062
738014343
738541906
740349375
743573781
743981375
744068250
744111406
744124625
744160531
744185500
744226031
744240906
744261125
744281656
744304625
744368562
744390000
744412093
744448812
744481375
744504968
744539218
744558906
744596250
744627281
744690593
744751656
744821437
744894312
744925343
744944437
744987468
745033937
745163281
745191406
745218875
745268781
746071875
746203843
746354406
746386812
746575031
746611187
746632875
746669750
746704062
746737593
746751281
746812406
746836562
746865906
746881625
746943343
747017531
747153718
747282750
749904593
749975750
750028968
750091531
750118437
750128625
750301218
750449312
750461687
750536156
750562000
750621343
750635750
750696281
750706718
750723281
750750156
750783187
750817406
750845437
750873375
751006562
751131500
751295000
754823093
755367437
755504343
755764625
755840812
758804687
759114218
759265250
759359406
759416437
759469656
759793718
759865906
759907125
759974250
760094062
760257125
760343125
761377437
761532812
762708062
762865250
763813968
764174656
764263312
764405843
764568812
764680625
766054718
766151875
766266468
766562375
766586093
767167781
769163437
769223343
769305343
769747531
770021062
770101406
770126500
770553656
770889375
771002156
771205156
771333406
771358406
771545593
771588156
771798531
771998156
772308406
772449593
772626843
772664031
772705187
772798031
772974312
773114500
773225750
774320875
774450500
775141812
775293968
775325031
775531250
776032750
776060125
777194750
777235343
777318718
777533812
778262500
778296906
778334750
780543000
780994218
781252406
781597375
782003250
783200375
783356312
783371968
783442281
783621625
793768875
793812750
794347312
794617000
794730250
794936468
795109468
795145468
795180156
795245718
795406437
795455718
795483250
795502593
795557031
795578218
795613500
795646875
795718437
795799843
795850281
795878093
795902000
795958687
796031250
796080656
796109125
796214312
796462093
796504812
796606687
796627375
796639093
796699000
796720156
796733125
796799781
796830218
796847125
796861625
796922156
796949781
796983062
797111500
797127093
797181468
797193406
797272531
797347968
797391718
797569812
797586156
797606687
797659281
797750500
797766843
797846000
797860937
797915468
797934562
797994843
799835656
799872187
800172406
800364531
800471406
800496781
800584812
800648625
800748875
800886187
801268750
801754593
802166875
802259437
802379125
802934281
804344656
804391187
804524500
804715250
805576062
806008125
808234375
809215125
809747281
809775656
809861843
810027375
810062406
810072625
810164687
810296468
810346562
810363656
810442718
810469906
810592656
810897750
813401406
814411093
814452500
814489218
814589187
814637031
814658375
814794437
814941406
815004875
815018468
815074812
815196437
816988843
817269312
817388312
817473218
817492562
817517187
817641000
817691187
817713656
817758250
817947656
817956781
818033218
818732531
820819656
826460281
827737562
827755125
827822531
827834250
827918375
827927843
828074000
828085156
828216531
828264187
828411531
828533343
828547812
829391156
829467875
830820937
830940343
831134718
831547406
831671312
831869500
831963343
832031406
832047156
832495250
832561968
832659937
832987562
833070656
833135187
833212906
833244187
833317593
833357250
833411843
833462937
833469000
833498437
833557156
833569500
833594593
833628437
833678718
833714562
833841281
833908312
833921093
833978593
834034437
834100625
834128625
834154187
834185250
834206593
834236031
834276406
834289843
834315718
834334843
834371156
834385218
834398093
834478718
834576875
834595875
834666468
834698781
834748656
834837875
834847000
834875500
834909968
834985468
835020656
835047968
835072718
835098812
835132312
835148531
835234781
835259468
835307406
835753875
835769468
835888562
835976312
836020250
836090312
836144468
836190500
836305875
837653093
837981562
844994781
845190468
847814093
847855281
847867718
847896781
847943968
848007687
848049656
848079406
848113250
848166281
848204562
848219687
848293812
848303312
848355718
848402062
848474906
848495281
848593812
848608937
848627968
848649281
848827375
848956906
849077281
849174343
849209906
849374156
849426437
849615031
849949875
852470000
852593843
852643468
852810437
852913375
852978468
853051687
853068656
853332250
853410031
853647281
853803593
853928343
853969375
854015406
854135812
854296156
854598531
854687906
854764000
854944562
855064718
856464093
856573625
856683750
856840062
856891500
857010218
857017625
857568437
860244437
860363406
860918156
861731531
862544468
862656312
863082593
867061593
867127375
867303718
867315281
867363593
871229375
871581750
877850343
878496375
878507531
878701500
878837187
879365218
879412781
886135375
889106843
889202281
889375531
889422187
891103687
892318562
892366625
892450375
892594406
892615500
892633031
892728437
892795781
892889562
892907562
892929000
892991656
893000500
893030937
893079718
893167750
893201625
893212562
894038437
894063750
894088312
894093156
894150656
894175562
894187937
894216000
894224906
894286000
894342031
894380187
894526531
894703156
894844062
894902281
894927500
895036468
895195218
895980906
896228406
896617250
896702218
896730968
897107218
897917531
898361968
898819593
898828812
898943843
899669406
899800781
899990187
900460718
900567500
900609781
900687343
900732156
900742156
900807812
900820937
900915875
900949343
900991562
901041093
901092625
904734875
904855156
904988531
905236093
905433468
905578375
905589500
905739562
905796531
905930593
905993781
906126218
906202687
906253343
906445156
906956531
906991156
912153750
912368937
912446187
912522031
912582031
912784500
912875000
913010062
913069687
913135218
913190312
913302343
913369875
913507500
913561312
913567906
913649437
913705625
913714593
913773750
913804562
913989156
914302343
914354062
914491968
914554625
914654343
915242593
915441312
915539625
915918312
916040125
916132562
916376875
916457187
916525781
916619875
916778656
925834187
926749843
927269500
927505031
927515343
927632312
928124656
929908375
929986687
930117750
930613937
930623156
932111687
932636875
934506218
934577125
941073000
941110562
941166312
941177687
941295875
941338031
941382062
941396593
941419812
941577500
941685812
941699625
941738406
941750031
941767156
941812718
941832843
941889156
941976250
941995593
942002750
942168125
942226843
942377968
942453531
942647468
942791218
943448937
943472093
943484187
943497718
943592875
943654500
943685218
943709125
943776312
943811187
943915062
943933156
943957062
943975000
944005406
944020812
944048750
944075562
944119125
944177781
944226968
944787500
945560375
947229468
953038968
954538031
954841312
954997718
955081937
955156406
955190750
955236718
955250437
955357625
955427843
955462562
955506750
955608125
955663531
955817187
956170937
956267718
956446531
956543000
957153187
957335750
957509281
957723125
957736468
957811718
957898218
958665312
958801718
958948906
959099312
959309281
959314218
960090906
960239218
960305312
960359187
960382250
960459937
960533562
960644750
960768375
961460093
961605593
961717906
961767468
961877625
962161593
962203656
962228687
962308718
962340281
962455250
962592312
962663531
962679343
962697093
962714406
962746562
962779625
962844187
962869937
962933125
962973687
962997875
963080500
963090562
963307906
963338406
963402906
963457375
963505906
963537500
963551218
963564625
963682437
963743062
964208968
964331406
964390375
964431968
964467812
964632062
964668031
964711500
964793343
964913531
965057687
965145250
965386031
965444687
965455468
965956500
966099031
967223718
968492906
968996125
969033562
969314687
969328031
969450906
969620468
969723750
969922562
969964437
970025781
970083250
970139937
970151968
970234375
970273281
970387062
970531281
970567906
970589781
970731031
971174468
971518687
973479562
975995593
976066000
976122125
976182312
976207125
976270875
976291000
976322687
976350187
977038406
977581156
977682312
977740218
977780531
977796718
977829812
977950093
978044125
978148000
978222250
978370750
