133264406
133455000
133776343
137419218
138511625
138684562
138993093
141926312
142030593
142104781
142332593
142536000
143232562
143364656
143457406
146991187
148389812
149419593
149624187
151001843
151867812
152807343
153345562
153481468
153554125
153581281
153822468
154308562
155575062
155645593
155745843
155768937
155857406
155907093
155975437
156388250
156511187
156609250
156674625
156758250
158014937
158311031
158718437
160281125
167205625
167573562
167972250
168114781
168173437
168254968
168492062
169252812
170770375
171193531
171422250
173460968
173487125
173625000
173741656
173841656
174195531
174277093
174733031
174956937
175080781
175102968
175679156
175693750
175703906
175723312
175735500
175750812
175778156
175794906
175812312
176046875
176349656
176624562
178578062
178677781
179128062
179382406
183050500
183347375
183428343
183641812
186353781
186514375
188986812
189003656
189078968
189169812
189195343
193018281
200343218
200507125
200558937
200611375
200656343
200675562
200800750
200841375
200901062
201012781
201019187
201036406
201312343
201607500
201711375
202154437
202475343
203221812
204773843
204957937
205308281
205417875
205524125
205604718
205780031
206189531
206233593
206283593
206369093
214174531
214413062
214437656
214625593
214722500
214746406
214884187
215066531
215262593
215409843
215491968
215526093
215668187
215705875
215786781
216026343
216205187
216336875
216399156
216555000
219201937
219714500
219735218
219922750
219996625
220085937
220171500
220213031
221867187
221960218
222056281
222138812
222164093
222258718
222293625
223959250
223976406
227602531
233175375
233351843
233650375
236624031
236857500
237047500
237219343
237506156
238231593
239162687
239258156
239325812
239623812
239818218
240006031
240140406
240216250
240353625
240478468
240596218
240767062
241046125
241374437
241446187
241666093
241710718
242136656
242172250
242390718
242538968
245223468
251571843
251613406
251975093
252626843
252872875
252892062
252971750
253074406
253213906
253288781
253315031
253348781
253414906
255172718
255971562
256027125
258827343
258959718
259061562
260167843
260179468
260349093
260362187
260385093
260393656
260405781
260418406
260447093
260523250
260541187
260656437
263064468
263143343
263253906
263304250
263369031
263461406
263639812
263732718
263844968
264234531
264610437
264708250
265212156
265286187
265431031
265788750
266166125
267183625
267256093
267421593
267848906
267858500
267953375
268021468
268132375
268940781
272522812
272560968
276939687
277873906
277947187
277987812
278052531
278097125
278187312
278258937
278281468
278320718
278370437
278389843
278413718
278462281
278530718
278570875
278667531
278681406
278695000
278801406
280289156
280411062
280503687
280772562
280831656
280967875
281103062
282122125
282145875
282224593
288887031
301690531
302191500
302320843
305160906
307530812
308271093
317756500
318042812
318089093
318237781
318446093
318677718
318980906
324923812
325175000
325307093
325447625
326527718
326634156
327060968
334449375
334519500
334692968
334996437
335587375
335650718
335660375
335678906
335699125
335717062
335736375
335898437
336069906
336238718
336881312
337756781
337832781
338239281
338592687
338653125
338806750
339301625
345635843
345681343
345708593
345731125
345822031
345960000
346184593
346550312
348424500
348508718
349717781
349938250
350318218
350377250
350412312
350540031
350960500
350991437
351308125
351321062
351527000
351610468
351926000
352034187
352105000
352158125
352263187
352318031
352402968
352432312
352475187
352539031
352702531
352795687
352840031
352952812
353058718
353081437
353172406
353315812
353399875
353564593
353592468
353634812
353747531
353816781
353913437
354539906
354734531
354804343
354872625
354893437
354984906
355013031
355051343
355092031
355140625
355180656
355210593
355301125
355442562
359456125
360859156
361777500
365104593
365148218
365169062
365182906
365215968
365223781
365246187
365277156
365333343
365355812
365373656
365400656
365553437
365570000
365698687
365896718
367666718
367854937
370989687
371699031
374426187
374489031
374885031
378903093
378925843
379056437
379229750
379346500
379465437
380661437
380820156
380879031
380908343
380940812
380998031
381017312
381074281
381126937
381199125
381241093
381278843
381597187
381782031
381857875
381974468
382024406
382038593
382085812
382122000
382185406
382223375
382376125
382403062
382791437
382949468
383798312
383928843
384045000
384456843
384473218
384666656
385292125
385353781
385500750
390958343
391309093
392288468
392403562
404522625
410279062
417470281
417951281
420478406
420650968
421721218
422101343
422435968
422538250
422843187
422956218
423038000
423340218
423424375
423969531
424070468
424817812
425024156
425185000
425376562
425459500
425533625
425585312
425678718
425715562
425734062
427954656
429618937
429781562
429871468
430941593
431078468
432054281
432424312
432433562
432869875
433549562
433706093
433752156
433813375
433844875
433882468
434074343
434774406
434852062
434990093
435083406
435177437
435211843
435310375
435356781
435441843
435512593
438457406
451913500
451928343
452318437
452358562
452404843
452417250
452505937
452555656
452639562
452726531
452852531
452982156
453014687
453149562
453616531
453734406
453927093
454002750
454087593
454234906
455399718
455461468
457033156
457099781
457181375
457353312
457450781
457505718
457849562
457989937
458030312
458152218
458252562
458433781
471151562
471188875
471274125
471314812
471535000
471621687
473333000
473383156
473609687
473722218
473757718
473792343
473903687
474032906
474068468
474142843
474222906
474539812
474616531
474765625
474845531
474945843
475367218
475742843
475894437
476176906
476386093
476488843
479571718
479674406
479988375
484245468
484544281
489624187
489834875
490911000
492029625
492399062
492420781
492535687
493033562
493071250
493214375
493290718
493473000
493630531
493817937
493863375
494335031
494378437
499271125
499366406
499501281
500364562
501604250
501672281
501724406
501793093
501819031
501907531
502080218
502240500
502278968
502861875
503004000
503148562
503233718
503747906
508225968
517017875
532178375
533207531
533291593
533331906
533378218
533385750
533429125
533458625
533544781
533570156
533595937
533653281
533745125
533766468
534300531
536147031
548812250
548856656
549991718
550198750
550363531
554704218
554828750
554999031
555083468
555103968
555118656
555170625
555238437
555359812
555463687
555559218
555617406
555659406
555737906
555772000
555783093
555837250
555888500
556012781
556109531
556166531
556236062
556335531
556387062
556627437
556921656
556985156
557032062
557049093
557161781
557406937
557628406
558714468
558883781
559362437
559635312
559901281
560814406
560974625
561689281
561746812
561916468
563195781
563301781
567595281
567665562
567817875
567893281
569152343
569662156
573414062
578291625
578301625
578369343
578480437
578669031
583110093
583501656
585231500
586065062
586307125
586438812
586579343
589534343
590940875
591126281
592419125
594418125
597680312
597704031
597818156
598044812
598499593
599409562
599435906
599445687
599508562
599528750
599625812
599661187
599694875
599729312
599794312
599828656
599866375
600161625
600229187
600351093
600439968
600454281
600633281
600724500
600930281
601404750
602004812
609242906
610274843
610401562
610773000
610780437
613551031
613888000
614143937
614693593
615216375
617617250
621769750
623029218
629241187
642816156
642935468
642968000
643099031
643262687
643355000
643559062
643582656
643855218
644177031
644236093
644267437
644316593
644376031
644423093
644437312
644456812
644476812
644501156
644628281
644668343
644758312
644834000
645073625
645088656
645245437
645398718
645488687
645510875
645580062
646271250
646381750
646460375
646495156
646530562
646564531
646583562
646616312
646663437
646753968
646769593
646804625
646883312
647005968
647129375
647184437
647500781
647885468
648938937
652662937
652706125
652750843
652862718
662420812
665511156
665724906
665792562
665922843
673213906
673413000
673646125
678599156
678610468
678649062
678737093
678806656
678899781
678979500
679138562
679196437
683066687
683220937
683303875
683474375
685736218
693267281
701067406
701392218
701897437
701986093
702544093
707370656
707607218
708141437
708735843
708813406
708828968
708916062
708995625
709012062
709076500
709181750
710965343
711658375
711983750
712475437
718992843
719020062
719155937
719243406
722597031
727849562
728283812
728345375
728418843
729228125
729441156
729808406
729864187
729947437
729991625
730724781
730869093
736943562
740745093
740803718
740855062
740871187
740967375
740991062
741051500
741110812
741142875
741170625
741224531
741285125
741320843
741364250
741415000
741426437
741592906
741732781
741765093
741829000
741887250
741925000
742153937
742773625
742871875
742921375
742992968
743127375
743482031
743580718
761550968
768685250
768768875
768813125
769026343
769095906
769193093
770485968
771430187
771710781
771778593
771894437
771937125
771978562
772029500
772062812
772121312
772146218
772188531
772217250
772299843
772361250
772444187
772481531
772535906
772676375
772849812
773133750
777892718
777959375
778180281
778207000
778433937
778609593
778656718
778665843
779049312
779130750
787500968
790678906
798730656
798831343
798892250
798901937
798912593
798930906
799005312
799130687
799196187
799241156
799270500
799302375
799329812
799342531
799458437
799480781
799542875
799579718
799606062
799667781
799745437
799789718
799868000
799902875
799990000
800078656
800166125
800224312
800247906
800630250
803510781
803547031
803603906
807535125
807621718
807904156
808464625
808549375
808590312
808725156
808795406
809982312
810250656
810378093
810462625
810544718
810571406
810754500
810813343
811014687
811325062
811370781
811646593
811677468
811737125
811849093
811913843
812050250
812737406
812895843
813007625
813162000
813574687
813629656
813722375
813911406
813936281
813994406
814681437
816896937
816986031
817028093
817125625
817141937
817162031
817241250
817303218
821547593
821831218
821889000
822299093
822440062
823267406
824081625
824194781
824492718
824580593
824634062
824659625
824721781
824885968
826255531
827048125
827206312
827478093
827537031
827698843
827827750
828152781
828458968
828652343
828805718
828881281
828957281
829034812
829134000
831611531
831652093
831825500
831933250
832711531
833209625
840955656
840969500
841121125
841271750
841307812
841408312
841543437
843028406
843114781
843122562
843158968
843194250
843242875
843378343
843488125
843558593
843638875
848681093
848734593
848819500
848916437
848951750
848974250
849021531
849068843
849120062
849177375
849289125
849530406
849717125
860689062
860765875
861100250
861195031
861214687
861236750
861466812
865906812
866006343
866114656
866807187
866880218
867673187
867779437
871933625
874347812
875505937
875979437
876168062
876340718
876361812
876421437
876471531
876575250
876627375
876695562
876792093
877323375
877731468
877926875
877940093
878684968
878768281
881464187
882080656
882189281
882302000
883153968
883231750
883324781
883604593
883835781
884118468
884149468
884248781
884378812
884455437
884985500
885146156
886593906
887190468
888438093
890300687
891018250
907005500
907496593
909822500
909881281
913491375
919623062
920225093
924330406
924557218
924667312
924757718
931920218
931971687
932042125
932115968
932293187
932323531
932459500
932576906
932595187
932677187
932942406
933452218
933538000
933630281
933725812
933832718
935492156
935935906
935991656
936070593
936099437
936144531
936251062
936280343
936921750
938594968
939899093
939909562
941792000
942273093
942451187
943858625
943977156
943998625
944085187
944192937
944483531
944756687
944833187
944964750
945004250
946050343
946180250
946266718
946273000
946364062
946837750
947020687
947141875
947186625
947216156
947267125
947354343
947391781
947556968
947632968
947735750
947859093
947887093
947960218
948126343
948210406
948261937
948311656
949674687
950376281
957678250
957758687
957796843
957808281
957822500
957829093
957839968
957853187
957869625
957880312
957931375
957959406
960169218
960363250
960409500
960462218
960574687
961071281
961146343
961240812
966058906
966155937
966174062
966322750
966724531
966765343
966926343
969580687
969699625
970329843
970501343
970562687
970657187
970797125
970819843
971926375
973066156
973225968
973316156
973373375
973453250
973493781
973546625
973569781
973633968
973677687
973748906
973805218
973865906
973889093
973910656
973949250
974003562
974026250
974057968
974246593
974310656
974341656
974455031
974481906
974584406
974651750
974673656
974816968
974838000
974964187
975007875
975169718
975236156
975283750
975441562
975528843
975627250
975707000
975795812
975893406
975966250
979020093
979655531
980023250
980032375
980040531
980385062
980460250
980729218
980748343
980964843
981007562
981040468
981124500
981201531
981866687
982034000
982255375
982413593
982450093
982482250
982518187
982543843
982646125
982788218
982910625
982955656
983024125
983246937
983352468
983414593
983464625
983765281
983977750
984024968
984175312
984458687
984588875
985240062
985341031
985591906
985760000
987258187
987289281
988516687
989280406
989454062
989552750
989671687
989707656
989734875
989824500
989849468
991921343
992474968
992578906
992740000
992798437
992879625
992931218
993168625
993283093
993307312
995302375
995416062
998924281
998981250
999006593
999028031
999114812
999231281
999363812
999400218
999439312
999474156
999495843
999562562
999577093
999668218
999717968
999811468
1000127812
1000298687
1000517125
1000711406
1000805343
1000898593
1001032843
1001154406
1001274250
1001322031
1001469281
1001641375
1001684968
1001970093
1002064187
1002581500
1002749718
1002964625
1003127312
1003186312
1003247687
1003551875
1003645781
1003676843
1003758406
1003793562
1003962312
1004137343
1004975375
1005480000
1005682593
1006341875
1006558656
1006675500
1007359500
1007371750
1007631125
1007718875
1007816031
1007923281
1008228718
1008319093
1008578187
1010034500
1013840531
1014182031
1015078156
1015264000
1016503343
1020396562
1020935656
1020957218
1021068656
1021218187
1021371031
1021473093
1021516531
1021658812
1021925500
1021958781
1022097718
1022714000
1023175406
1023307937
1023377156
1023421656
1023468781
1023494281
1023524875
1023579125
1023598843
1023877750
1035360812
1035385906
1035517500
1035558937
1035601875
1035679500
1035699125
1035746531
1035851687
1035950500
1036173187
1036688843
1037515062
1037573000
1037604593
1037703218
1037850031
1042580000
1047074062
1047465968
1047524843
1047600750
1047678968
1047761281
1048266187
1048298531
1048747593
1048992062
1049318218
1049437656
1050072250
1050238500
1050295062
1050320437
1050514843
1050901125
1051023500
1051403437
1051636281
1051778375
1052078156
1052205250
1052382718
1052437125
1052577531
1052689968
1052949593
1053154781
1053197468
1053277968
1054981593
1055386250
1055678156
